191
253
750
956
155
87
8839
790
402
653
19
247
681
1252
316
509
812
84
604
67
7012
967
792
295
416
279
400
181
557
612
175
86
310
889
428
630
256
751
153
941
156
285
591
6166
210
390
252
367
630
290
571
221
738
330
551
315
700
2971
134
98
665
111
577
201
824
293
959
5500
666
626
459
269
882
990
56
279
458
15
63
950
473
817
996
366
216
982
566
480
567
360
18
5923
349
515
438
494
286
137
960
910
366
214
184
491
852
88
749
683
120
70
162
986
500
710
203
480
5932
88
179
626
247
461
713
965
106
413
558
204
719
625
257
553
744
129
941
79
662
351
704
771
949
974
903
856
873
734
993
861
925
208
740
48
537
971
399
355
571
155
287
73
586
533
122
742
356
929
567
893
635
832
808
805
4663
549
37
445
364
965
206
883
712
178
57
734
955
809
537
844
218
385
5
136
407
167
805
740
7669
4330
629
35
273
9964
729
470
194
651
248
658
4456
99
159
7543
856
1612
911
464
306
775
457
816
22
818
753
9658
6841
349
190
3457
296
796
14
661
278
375
798
526
792
9073
112
940
680
439
479
621
217
154
917
78
470
395
202
433
368
429
38
9019
804
233
838
872
35
992
236
900
127
404
873
7516
606
937
519
907
159
794
43
160
347
327
357
23
391
0
613
8938
410
818
690
3070
271
609
850
312
9595
351
544
828
66
120
14
278
588
466
1882
718
407
961
919
82
880
581
249
670
143
815
850
565
492
982
298
655
496
370
8272
287
303
824
563
736
742
1936
555
930
466
879
463
596
4285
565
796
684
7039
440
896
5293
127
772
977
11
77
756
225
3
163
124
714
867
371
245
560
250
119
307
374
50
353
98
678
339
690
66
741
800
242
365
130
612
297
785
153
316
181
644
359
2890
256
879
521
908
995
846
638
5140
132
715
84
240
2287
919
689
354
389
483
319
959
1261
809
911
626
48
284
362
1225
968
24
157
703
515
901
970
702
3637
835
996
270
517
744
6868
314
200
924
2332
309
978
261
747
580
204
759
717
388
97
9694
867
591
308
699
767
337
898
579
6742
904
754
691
9
470
144
371
94
946
476
248
299
929
358
332
789
512
2260
996
148
147
961
2368
354
55
224
601
149
5779
336
3439
314
326
3520
154
482
466
364
408
581
202
819
758
9982
930
890
791
2836
645
849
932
861
654
726
297
890
675
579
838
191
1531
809
795
7552
802
5662
2359
905
21
727
980
810
451
182
819
5896
871
721
638
165
640
642
645
945
1
46
959
816
8173
93
421
83
287
497
472
544
453
520
388
5122
237
855
58
759
932
123
841
181
258
307
552
647
5401
928
2467
684
747
4
79
60
383
720
341
97
9703
753
543
148
654
743
685
103
952
8065
284
292
394
25
5563
631
899
61
5644
53
698
254
451
629
153
3376
468
406
11
5
820
739
92
435
921
58
191
5671
241
686
963
108
427
20
440
984
944
55
295
643
34
833
766
8650
7777
761
566
514
163
836
724
735
813
872
50
907
345
677
846
3196
607
545
362
965
199
328
670
101
961
853
953
334
9046
1081
305
368
137
623
979
40
611
688
414
323
449
295
86
499
75
661
217
124
1279
221
800
9118
959
542
780
89
541
3466
168
6607
42
858
716
758
711
392
22
246
379
456
728
33
374
83
233
147
263
146
109
145
5572
39
503
909
731
5950
293
791
672
976
939
741
640
239
482
729
818
136
937
133
687
557
241
482
3187
351
2773
617
549
285
587
21
4987
937
206
61
293
6823
344
965
916
531
828
769
955
364
810
845
100
89
368
662
764
724
128
908
972
991
408
485
42
588
8515
633
292
395
888
242
176
632
750
536
72
835
559
55
724
321
5194
418
465
31
890
620
403
84
977
189
232
907
896
640
715
416
745
63
970
3736
320
246
791
511
635
940
903
793
273
1747
535
820
67
326
265
75
586
741
789
306
843
972
272
288
777
180
847
833
68
585
985
242
77
518
447
7
483
358
26
368
215
706
17
688
561
313
547
647
629
549
859
612
781
928
913
569
12
337
57
696
55
3898
43
564
440
785
606
593
17
555
910
916
908
4735
985
238
840
544
568
830
412
893
389
955
80
837
906
416
603
564
395
225
629
832
874
893
757
748
810
949
857
35
627
757
705
518
8029
214
985
204
528
247
604
836
666
443
833
6796
660
801
70
180
263
598
902
4231
843
874
278
322
705
9478
816
586
249
6508
357
201
365
558
493
940
458
203
958
158
790
240
793
537
656
183
232
7174
128
31
378
960
675
472
790
881
373
386
414
986
922
446
8425
526
466
299
866
738
671
241
648
685
658
855
848
316
243
967
1990
322
806
441
646
460
900
9253
587
582
298
1369
940
860
9937
245
274
367
891
387
434
933
53
628
6553
330
826
453
72
981
345
756
390
880
998
305
725
231
197
247
227
600
789
947
499
193
917
879
529
503
42
784
7822
672
339
267
225
966
51
731
37
28
842
681
516
766
707
371
792
281
401
753
761
507
939
966
877
5167
2548
364
6994
507
166
328
798
245
834
704
719
708
235
283
242
593
606
726
16
381
391
259
36
8569
885
29
979
172
812
117
9739
199
22
898
896
589
252
366
619
595
207
282
439
716
487
40
356
498
82
255
944
7957
880
451
253
258
143
878
440
808
999
75
1720
411
118
633
471
7390
696
874
184
0
883
489
884
526
465
775
46
152
964
447
380
434
147
941
708
210
618
752
238
125
729
479
228
1243
531
614
507
934
408
557
580
764
991
711
36
643
248
8092
634
315
170
901
473
347
439
198
9910
896
836
638
816
775
2377
359
300
662
883
107
172
6310
6436
919
816
5068
407
1621
11
210
317
254
717
2170
465
409
587
714
969
478
639
392
594
463
597
502
523
69
614
813
8605
221
631
833
412
179
168
335
556
287
6535
25
799
513
679
1090
648
95
6022
70
850
544
30
42
851
307
866
618
687
607
428
917
770
172
870
33
194
585
348
45
438
770
5599
855
77
7
88
380
74
379
532
553
8371
65
551
494
256
701
733
431
548
7066
862
98
426
663
226
602
43
415
767
477
9523
809
691
9208
442
9748
982
352
327
676
280
720
92
70
804
516
193
831
561
7768
578
6
979
863
136
523
5257
577
596
179
714
395
934
519
893
4186
200
695
77
82
584
501
340
757
5968
747
188
401
74
908
99
239
484
397
838
657
277
6121
176
95
5221
42
439
346
88
8974
823
979
902
7813
624
555
394
445
732
810
879
9181
4582
628
32
698
96
399
650
162
496
402
596
341
309
141
678
282
142
417
891
737
22
608
682
771
375
8344
472
32
444
379
445
703
990
20
610
621
392
824
802
939
8893
665
2476
177
541
758
692
321
91
495
9415
481
406
123
166
1909
854
790
208
448
912
997
8659
575
910
275
836
827
736
890
212
565
116
307
251
149
2215
799
721
746
267
602
2818
747
505
226
146
528
8227
7579
88
627
485
543
25
828
9856
240
69
110
922
1
174
38
231
835
966
676
8866
781
621
229
163
603
725
809
35
4141
87
838
350
95
168
580
51
566
190
523
271
210
0
424
514
265
432
706
492
81
948
8587
481
0
279
484
465
905
378
150
600
905
503
159
415
2305
64
657
598
9154
526
282
705
259
316
987
769
328
710
711
26
268
573
45
824
887
23
902
186
421
133
1945
683
635
433
278
232
548
668
106
858
740
4564
982
727
918
388
372
927
882
709
917
581
5
205
961
311
292
814
305
904
563
611
529
51
357
537
350
750
895
945
889
5491
253
169
452
545
160
767
262
354
8416
297
452
440
969
610
5410
29
613
393
717
602
154
925
232
831
829
895
259
493
260
2908
189
822
218
477
28
997
752
863
652
464
373
881
444
451
164
3016
802
382
324
985
5014
695
7948
751
795
371
154
916
528
266
4276
120
67
118
935
506
5455
429
397
103
7795
32
306
6985
508
808
703
110
522
933
9316
494
478
253
794
2008
0
186
735
340
894
607
304
317
656
304
636
295
881
391
36
280
402
800
1864
639
611
424
7345
833
777
454
35
585
797
752
294
4
210
737
4
482
955
578
48
950
837
289
707
405
2881
725
97
952
766
64
436
917
864
18
8929
223
11
514
884
530
147
913
472
2512
551
981
759
519
5419
94
891
699
609
149
337
671
427
239
436
109
136
461
224
502
940
415
166
6409
209
153
713
958
541
452
112
693
249
81
626
510
825
644
851
912
742
686
555
249
824
426
568
881
966
281
261
841
775
711
748
117
486
13
6373
715
190
754
8020
971
746
400
530
586
86
277
487
183
369
76
931
503
766
11
556
558
189
743
512
593
346
249
8758
450
632
397
233
39
4906
56
745
968
480
793
570
1360
952
365
169
91
101
616
596
7363
520
65
553
550
2593
931
543
7
527
290
549
74
386
324
441
533
542
561
650
175
194
355
115
689
622
312
278
228
2845
302
522
484
2719
737
790
3061
250
214
222
18
850
1540
525
486
306
780
627
948
169
594
287
958
373
394
294
237
474
313
715
16
564
313
694
49
609
413
413
98
650
694
984
110
633
285
782
20
81
661
693
947
30
45
837
409
6
561
227
191
0
756
637
562
239
67
755
815
498
27
499
180
267
5725
2134
134
425
895
169
973
348
400
774
749
31
134
6526
69
109
334
521
685
291
311
357
139
6
753
707
504
145
469
227
6895
995
894
957
413
132
708
431
882
367
241
297
830
443
674
472
446
138
291
617
3772
6562
556
504
346
630
4438
995
754
253
775
580
724
94
1774
2638
542
3871
824
785
459
225
4618
33
672
539
518
9010
609
385
803
356
294
974
924
409
917
507
926
377
8920
178
133
528
568
793
562
505
608
797
604
813
927
541
280
584
17
643
182
260
5905
572
206
156
333
856
117
28
257
85
442
126
681
12
928
7057
13
778
119
112
477
204
701
12
290
6670
2278
5248
747
887
712
457
273
897
923
339
366
3655
462
308
572
7993
996
13
401
676
6211
415
179
8443
970
968
763
139
843
415
149
7228
331
557
3331
668
203
47
826
229
905
677
26
99
3232
655
33
655
7534
481
20
44
23
76
93
4888
525
383
7903
135
2872
567
922
906
188
909
252
754
611
814
363
936
59
991
106
397
503
195
237
954
834
569
949
292
251
34
573
602
151
362
769
856
206
223
6031
787
4978
223
833
703
560
517
40
349
412
4078
982
948
1306
738
391
468
502
687
807
644
355
898
42
491
425
524
7282
653
151
192
735
408
754
669
843
773
475
984
853
630
1486
731
4267
944
463
91
140
18
853
566
587
983
333
392
630
944
344
590
505
254
859
899
921
961
945
650
781
984
779
697
2584
879
343
868
859
486
255
580
753
221
6157
882
740
321
734
182
646
969
964
260
778
108
269
690
126
852
9946
426
213
318
302
333
443
497
8209
787
989
58
261
508
1
789
164
257
33
311
996
2458
829
88
187
832
753
6139
187
466
976
467
393
28
312
389
4042
294
25
4
811
4
523
357
429
146
615
951
978
25
377
212
198
6013
292
18
715
762
720
69
807
815
432
4
695
77
562
422
3295
7615
69
22
86
913
813
528
5392
849
712
257
2233
936
718
913
980
9289
378
714
778
632
363
688
981
930
702
396
1288
401
531
624
558
629
270
19
896
733
208
135
96
489
676
178
109
668
352
665
951
434
9460
74
2620
196
483
22
493
535
809
591
789
392
636
396
441
140
9
915
5185
266
8812
148
290
9
356
947
102
6301
484
431
220
366
519
1873
166
181
165
887
571
854
102
141
8290
87
214
393
316
633
940
268
528
108
4546
739
0
700
381
729
130
246
646
281
606
861
550
690
537
612
170
5761
365
990
967
99
2629
869
681
829
251
115
417
9442
896
576
516
773
927
72
7804
174
332
419
836
598
955
426
469
269
463
189
54
299
473
9649
851
878
563
284
152
407
698
91
256
4969
18
383
284
706
615
972
9163
312
520
713
244
9
271
257
856
784
751
6040
983
24
68
698
47
5131
461
139
102
7264
2926
88
602
871
416
663
375
340
292
813
209
387
599
6
150
911
175
534
447
600
572
884
949
138
873
230
956
527
358
77
759
917
256
711
136
100
453
9730
206
622
712
124
623
888
124
975
9
623
758
903
135
436
75
433
774
994
523
789
6076
114
619
288
556
621
812
14
780
301
253
213
9883
493
812
498
304
542
49
2026
516
9838
1495
3835
153
125
310
373
689
739
426
501
418
222
9172
357
901
404
726
71
203
763
483
919
193
6463
5329
5941
526
727
911
620
8794
105
793
723
415
398
166
205
788
539
8398
604
225
848
119
818
180
600
556
6913
1783
362
3304
975
422
709
580
762
620
158
939
959
269
865
541
4600
52
106
618
168
54
3619
96
455
924
190
2944
266
411
873
363
943
294
736
957
289
122
407
9685
543
158
465
641
814
799
617
524
476
391
845
94
406
726
692
794
454
643
501
432
575
267
150
378
613
570
4681
632
2782
697
187
3
750
135
92
788
566
8956
926
55
7435
729
950
327
329
349
513
116
313
803
844
1693
911
137
840
131
4708
352
963
63
132
738
9865
273
145
433
480
269
335
469
613
3277
191
24
964
994
537
688
351
447
70
231
90
660
1027
369
175
485
4852
9082
188
471
793
876
348
968
677
151
934
965
739
870
102
859
924
506
661
454
4699
663
4942
486
572
279
860
827
2350
671
161
511
750
571
9802
550
465
2422
448
925
320
802
474
496
6688
643
7291
600
2269
160
436
462
249
274
660
745
289
513
631
497
598
548
679
766
154
939
899
315
226
65
777
864
586
673
68
765
129
180
462
231
275
357
912
297
7705
486
336
311
941
530
702
505
702
464
167
150
441
975
804
636
167
2242
78
775
801
272
606
659
691
642
53
475
968
104
430
993
542
255
121
29
518
393
617
7354
438
546
708
111
271
578
861
783
575
929
756
927
273
366
564
468
522
2989
281
769
5095
685
431
652
3592
273
6886
369
855
853
279
623
118
317
480
97
478
741
978
4303
393
58
2035
952
359
547
6094
718
308
5869
449
1810
331
72
658
921
4159
785
869
64
437
490
282
566
877
671
665
581
841
398
634
302
983
854
92
130
554
5689
284
988
173
781
11
5032
781
101
538
6850
827
980
520
622
241
196
7660
358
207
545
7570
79
345
175
978
682
7255
222
693
579
66
492
870
467
769
767
654
475
749
301
448
8047
463
335
323
623
248
211
897
573
324
165
372
6
195
61
80
743
656
229
563
468
13
21
778
38
461
546
1801
71
597
70
548
216
10
682
940
898
447
405
129
177
173
141
7858
464
396
225
324
411
581
134
957
68
94
739
938
369
171
240
650
608
4861
789
672
6715
417
538
728
894
5
193
834
790
706
1297
170
799
1459
417
792
379
484
6391
170
823
5509
962
3205
434
384
145
12
523
135
740
262
987
750
889
784
682
351
377
517
2
871
74
684
622
374
907
7408
559
414
773
86
682
600
4933
857
377
574
802
481
8884
616
103
925
718
906
1117
861
889
661
665
216
871
545
476
295
67
340
604
378
2449
920
274
878
426
364
651
130
284
684
117
672
880
517
169
221
186
361
9424
5446
851
352
599
325
245
723
619
376
397
136
149
344
576
523
9784
168
31
370
275
658
510
783
15
310
633
313
973
527
936
220
809
920
774
532
908
85
90
3484
334
1324
201
822
282
726
593
201
602
794
730
235
680
9550
539
365
331
354
4528
719
683
357
730
547
235
465
1900
107
513
858
87
142
221
778
694
870
5302
521
897
1405
438
491
41
319
456
823
109
260
1036
515
6517
150
16
124
3988
782
215
777
187
648
898
573
966
422
678
213
462
2224
835
396
568
892
732
4123
284
534
336
840
977
897
446
336
2503
769
918
842
641
165
87
173
758
55
918
993
48
269
779
533
322
337
138
199
183
821
107
762
716
191
488
303
718
4645
383
981
86
27
46
300
781
234
231
414
4402
40
819
142
594
749
317
7210
100
437
286
938
948
743
216
163
978
533
704
780
650
567
757
548
368
862
218
773
5
443
353
9712
820
704
480
162
74
270
98
109
112
78
6634
349
794
626
39
401
783
734
923
757
646
653
708
226
283
477
387
435
51
205
2827
7084
518
1153
942
121
4627
411
154
49
3691
3
837
992
144
1270
97
45
779
659
9370
355
605
863
799
32
238
101
138
147
296
135
806
562
234
605
323
714
891
228
582
911
211
990
163
871
666
679
676
941
42
743
612
352
450
282
858
8740
51
924
349
283
3412
278
960
996
617
631
267
144
715
9811
55
298
21
404
564
62
459
106
508
268
470
15
246
999
343
27
393
224
508
674
456
771
719
197
3385
9568
160
862
657
374
541
97
932
4087
909
100
692
733
15
161
56
221
640
571
773
7588
853
723
570
811
691
325
4
305
756
619
805
898
3133
622
8992
64
355
509
211
3799
945
206
870
532
545
542
493
991
705
490
15
836
164
282
672
1315
198
907
6427
847
26
215
398
17
377
2962
460
4816
897
105
404
124
644
7732
927
9307
8038
573
841
46
518
903
195
259
873
994
167
518
151
680
101
900
569
670
62
193
9028
861
75
734
514
186
949
750
639
196
3754
983
505
663
132
233
16
875
383
125
593
7156
171
333
410
5239
999
467
894
8281
3916
337
3880
361
868
226
6625
88
7687
922
588
886
400
586
114
652
778
157
186
7
822
277
283
470
100
386
713
863
564
194
274
76
235
425
420
896
264
930
149
376
853
228
511
41
601
372
484
954
818
475
534
955
470
103
2602
901
534
381
127
229
243
269
849
872
9991
508
582
848
227
456
190
315
109
959
572
945
614
6877
170
200
338
5284
353
302
16
339
954
516
852
482
722
711
159
215
188
627
652
421
23
684
820
1171
395
866
527
52
991
554
192
233
963
120
111
693
941
275
363
424
175
223
878
128
130
280
1162
37
68
748
15
404
9847
333
4213
159
238
501
797
979
84
699
891
27
65
583
646
40
632
171
13
993
5608
593
459
5635
473
951
938
167
90
240
207
71
81
646
253
526
1126
673
244
922
204
203
238
676
878
932
260
997
907
1549
16
654
81
7984
325
248
961
38
43
797
9919
125
472
2188
833
449
746
925
147
721
83
646
342
408
348
320
400
4744
717
720
89
7741
459
5914
814
295
0
122
722
614
610
379
70
187
592
87
852
752
787
745
6238
252
862
770
258
99
8407
437
559
813
425
185
728
561
5356
309
370
976
7912
301
925
385
887
217
306
7
987
284
788
50
906
119
7
636
288
667
589
514
846
202
315
345
909
972
2935
327
659
631
831
876
36
487
169
501
8722
545
256
371
536
836
205
39
552
276
236
953
971
3547
2557
1594
430
33
442
231
492
367
638
291
59
402
707
953
338
731
392
641
520
18
443
968
76
560
653
975
405
6931
923
749
1567
8182
142
289
974
176
177
703
194
140
104
892
673
432
102
610
1207
95
637
7444
473
512
212
140
777
495
332
8857
14
869
953
637
287
694
818
917
601
278
186
6346
194
473
140
96
247
165
702
7894
285
752
120
594
2683
942
105
726
585
656
713
634
458
843
116
628
695
462
987
207
971
386
401
787
589
860
287
389
667
639
500
649
335
280
556
705
163
207
712
289
21
861
763
673
800
375
379
265
231
341
3430
5374
93
764
509
699
728
994
549
540
291
914
918
524
611
885
449
167
764
693
8
664
9352
826
469
229
10
409
619
265
283
296
159
6580
2800
101
797
503
806
187
866
245
471
93
199
935
466
805
996
914
997
306
221
615
111
1414
121
230
300
91
445
960
4321
199
377
989
274
139
811
732
978
826
257
304
798
823
190
8335
106
988
279
888
968
853
166
875
744
567
433
6949
416
850
320
481
872
69
7507
387
157
864
243
334
988
839
522
522
596
4951
9676
264
185
304
261
583
36
652
469
423
577
594
63
950
2017
606
809
779
254
1522
46
463
254
467
648
491
100
3052
590
885
30
807
879
196
7966
930
964
119
7165
212
157
801
213
608
412
5590
453
886
912
6472
208
134
558
526
490
126
9361
3673
942
7
988
328
350
267
533
660
2998
686
697
24
3
126
4006
194
7
997
795
699
130
863
963
715
296
589
79
709
120
693
850
372
815
385
786
7489
422
32
319
667
464
650
147
2530
937
47
176
248
403
8389
5158
924
235
818
372
7318
60
381
628
239
11
6832
458
626
832
920
849
6598
363
841
674
46
478
60
1756
462
1009
361
113
8
64
195
236
946
336
279
690
9298
621
160
866
848
925
722
278
524
489
840
387
19
549
226
708
757
97
59
906
451
298
570
416
171
328
453
552
685
4339
624
130
293
45
888
382
780
814
290
808
525
72
764
883
958
928
589
505
562
662
841
559
283
5275
574
339
889
359
868
775
280
537
954
865
863
114
861
1477
618
962
991
977
3
6499
227
681
4501
591
621
669
770
828
349
293
3646
5428
413
665
478
8686
18
746
9766
383
987
943
57
604
697
285
763
498
352
255
9
144
405
494
619
772
845
3403
560
399
855
143
342
714
489
868
162
551
828
303
656
193
804
197
582
211
8533
426
436
552
92
780
49
202
296
820
899
979
83
779
795
150
257
209
309
247
575
141
835
960
8614
416
893
378
323
438
94
749
131
856
6904
299
762
760
171
847
544
408
706
945
202
836
141
811
543
786
504
146
759
51
230
403
685
768
198
555
875
637
569
437
560
336
385
859
898
355
201
1063
973
330
936
215
50
240
330
543
210
985
297
170
997
148
923
593
667
479
804
4015
423
326
331
851
163
591
360
725
694
748
546
451
516
367
535
865
469
495
589
806
572
725
290
745
519
256
152
738
293
407
787
476
116
879
324
884
957
912
850
286
937
698
1018
1
4771
603
937
974
73
686
966
628
318
677
871
223
905
296
384
25
2440
359
889
4834
6697
165
626
450
912
83
483
6382
244
599
201
666
554
574
37
535
90
881
782
950
283
729
19
876
593
2728
823
540
458
192
522
528
2854
946
5842
113
688
74
447
222
270
982
194
338
530
137
949
264
112
781
994
484
757
696
262
732
15
21
430
460
325
900
815
434
2755
651
614
586
956
856
666
113
250
629
571
266
949
821
760
195
8380
548
3160
52
143
626
448
616
250
288
452
158
95
782
995
64
7309
7
687
1585
1855
624
639
191
6049
384
118
538
625
985
40
943
517
639
110
449
915
800
582
256
60
43
38
520
131
692
567
341
635
468
106
8704
330
570
495
667
472
419
236
420
172
218
6
9757
760
696
529
765
943
220
175
401
788
832
302
525
109
452
992
522
276
107
671
379
266
736
905
796
655
571
80
345
737
7093
686
142
659
158
232
950
189
918
539
592
587
899
938
128
894
773
839
769
495
4492
900
712
307
337
235
439
952
30
6769
467
600
399
956
6733
910
787
299
367
735
329
7183
211
9127
941
6976
87
765
271
915
882
113
49
946
378
140
998
471
325
717
237
645
461
152
348
334
6112
491
338
344
348
76
702
737
429
445
17
519
37
943
351
993
2071
172
128
8011
803
912
883
524
690
939
1000
201
111
314
11
2179
230
2575
981
105
5815
766
193
880
888
248
875
349
1333
52
992
776
50
662
425
298
238
680
533
811
3286
946
892
656
309
176
353
583
7723
141
197
228
474
246
888
219
854
808
967
943
329
572
286
2485
588
5626
500
4195
538
669
777
102
945
949
719
317
418
121
344
436
494
542
25
461
588
3268
844
5617
131
1396
192
17
153
742
888
877
720
933
647
6778
164
8002
769
2980
530
5176
377
541
275
938
4798
319
547
859
160
205
197
6364
97
573
849
318
318
756
476
2080
865
634
382
910
6922
2
761
732
157
335
192
205
604
677
831
655
874
575
909
177
852
638
587
701
29
366
335
998
821
483
765
269
372
600
215
76
866
475
376
847
334
982
129
141
347
396
323
104
204
121
922
73
264
84
188
776
546
748
774
5365
879
640
444
931
39
768
777
412
328
303
602
897
1819
850
351
648
84
802
103
103
830
53
6805
277
992
756
791
9487
312
614
422
38
849
78
44
232
766
774
238
235
222
7372
180
765
830
822
2647
3745
692
1441
670
671
647
427
417
344
954
816
647
662
954
882
166
836
591
212
931
215
948
610
536
645
405
885
254
405
9631
606
941
977
995
713
616
719
532
815
368
771
981
607
89
6319
159
651
903
9397
7327
301
869
980
577
903
958
512
876
305
661
701
738
969
697
823
17
956
441
569
783
457
229
705
8164
4879
102
640
808
346
90
628
735
609
677
511
424
230
707
512
4375
265
448
502
477
254
123
638
598
960
259
942
374
391
817
679
939
791
251
728
67
129
47
666
59
751
373
183
1576
205
380
717
988
905
674
613
47
341
395
450
420
465
854
647
791
168
553
916
399
508
360
376
524
926
275
248
701
343
970
452
737
127
7606
155
971
220
722
7525
668
218
177
742
205
210
132
37
757
821
817
947
730
437
478
673
170
73
877
886
6652
488
191
748
513
430
922
361
796
5797
222
857
263
832
196
72
3889
762
747
247
911
999
743
67
12
599
251
507
7453
771
499
230
146
326
622
133
852
161
429
725
267
143
279
198
34
533
774
3151
904
286
291
401
56
722
956
438
132
53
255
924
27
387
1
685
288
190
118
719
358
244
580
534
370
1657
989
66
501
472
529
766
532
492
457
897
557
382
804
675
276
690
183
904
801
888
590
7120
546
502
827
138
85
29
577
771
342
8101
390
19
397
382
563
352
801
231
442
270
4096
19
736
69
4294
669
430
108
883
789
988
214
61
133
672
722
921
845
437
727
747
583
618
664
984
115
61
642
321
49
631
706
444
962
902
188
482
418
505
739
563
4114
501
4465
217
776
951
39
7840
540
74
531
75
3367
559
619
85
608
531
338
246
477
304
4780
334
953
9622
743
302
884
538
541
3088
578
843
612
596
633
788
669
825
728
533
662
272
574
619
942
973
709
324
932
875
653
447
700
957
720
783
155
222
258
412
592
370
158
27
262
701
9613
946
68
990
85
208
667
659
635
119
4843
234
8308
43
623
6724
595
277
331
21
40
440
695
569
476
923
786
929
942
204
276
903
485
831
311
489
818
1054
7930
460
12
611
4690
671
584
139
502
933
778
211
511
9874
318
3007
681
176
975
878
914
8200
987
519
758
360
795
768
826
459
645
488
459
535
982
980
663
7201
829
551
843
772
764
937
148
624
65
58
405
989
234
3259
326
532
590
31
806
691
925
867
286
15
444
889
915
261
8479
658
8074
217
380
902
395
883
498
244
514
4915
687
395
286
665
145
605
34
810
825
330
268
794
696
683
803
123
24
421
808
754
362
752
126
517
565
531
960
710
75
862
372
994
594
951
886
183
721
687
446
2152
877
649
545
3
250
954
227
616
568
853
410
846
554
945
725
789
992
788
994
400
341
991
310
64
928
176
114
47
721
6
755
815
721
515
518
394
635
471
419
8749
3394
13
583
290
154
900
564
4672
276
886
5833
595
36
387
35
795
500
224
679
908
505
236
118
539
3511
248
149
955
1378
519
676
661
620
212
704
213
872
69
761
389
734
424
244
651
43
809
232
652
641
727
822
6058
9514
4654
674
691
133
821
680
174
4
155
762
654
4726
177
929
417
947
374
406
784
211
703
904
883
612
8128
772
834
280
209
845
494
8245
8848
35
197
82
706
750
392
704
9829
575
252
107
182
611
428
921
603
171
712
345
878
9199
812
234
597
7273
697
586
871
627
772
496
710
338
54
5
429
731
755
749
620
29
115
5680
227
161
185
409
133
634
226
412
718
17
27
375
202
129
953
304
264
344
356
881
137
511
324
2404
629
12
202
736
814
536
326
662
772
888
6544
871
3826
336
649
691
696
724
937
469
675
762
114
919
840
316
371
217
170
57
126
216
506
92
814
67
214
905
381
444
223
742
8236
823
265
567
989
592
34
359
315
605
707
894
52
65
5338
442
245
32
528
654
855
283
730
610
6751
57
538
748
717
462
755
901
864
636
415
491
829
724
356
1828
743
507
507
325
936
96
301
338
568
307
496
987
396
206
79
42
570
112
121
169
976
314
554
998
475
1981
53
625
71
78
896
292
59
844
450
237
127
229
842
93
359
41
6202
7003
524
538
71
5212
168
145
310
212
45
915
3583
716
143
805
119
336
5995
339
509
54
610
427
663
382
433
339
388
431
860
174
90
108
66
877
867
687
601
369
514
52
668
339
1468
992
780
770
104
3628
599
172
131
881
137
19
84
695
6571
450
41
8551
394
68
321
147
435
510
343
266
60
553
811
135
179
105
914
778
768
860
623
390
554
245
48
82
309
276
80
198
455
322
592
968
81
64
455
676
60
241
922
939
696
847
909
517
490
922
801
631
6
434
106
487
683
365
628
8218
6661
417
6616
332
568
258
627
184
632
1702
181
151
428
972
322
841
980
9928
881
433
13
790
816
539
562
4366
466
8452
663
7237
449
407
490
529
310
49
93
213
163
9001
684
721
733
343
439
253
291
698
340
660
342
48
249
609
670
644
143
391
370
763
460
553
3124
923
462
373
681
404
33
464
5743
230
150
52
347
354
668
316
270
318
335
530
504
110
2521
928
678
512
827
6265
759
91
353
81
309
845
924
30
216
499
534
722
138
126
148
28
894
466
892
710
78
182
525
5311
950
378
886
314
576
251
970
73
731
947
826
338
948
909
476
643
246
3448
224
984
5077
361
945
940
948
80
8713
813
2
866
710
252
634
217
640
985
3925
620
3538
199
716
7759
452
250
3907
783
2746
453
486
1144
5788
999
916
388
569
837
926
911
64
9433
408
223
7939
28
734
242
113
658
969
207
485
675
993
852
964
153
280
840
936
887
585
457
645
347
632
326
788
9793
540
506
340
7885
49
664
777
488
438
345
931
398
794
723
709
137
219
509
457
627
113
807
117
702
311
684
639
66
3862
5977
986
7192
310
65
684
215
497
834
7561
384
2044
870
525
837
990
24
443
98
340
959
445
262
3241
547
4483
953
579
825
760
3502
23
8875
5230
555
2251
532
498
920
301
344
344
847
838
156
435
48
506
873
806
703
9109
4762
807
718
8821
673
679
716
613
599
867
229
729
268
481
263
937
116
7147
764
637
10
682
677
172
906
381
190
404
14
303
570
473
2098
520
731
916
631
20
2062
649
487
776
352
800
463
696
31
439
145
542
898
885
1234
966
5554
52
552
513
876
813
830
230
901
176
129
9640
877
128
59
446
670
786
406
73
808
603
380
87
664
3979
667
125
745
346
112
736
41
887
270
764
255
616
597
616
775
451
603
3358
281
594
906
125
709
423
219
53
699
8263
300
450
1639
260
373
125
150
122
294
225
258
454
694
398
24
995
842
319
334
966
410
919
219
427
317
454
289
120
605
355
189
455
4132
974
885
8146
923
24
7048
411
354
516
487
5653
983
324
496
32
874
273
247
970
337
497
575
488
529
763
848
307
166
219
413
796
867
784
658
26
786
545
1972
423
594
5
774
758
5086
57
99
387
402
944
2197
956
239
845
430
989
34
619
173
938
77
5734
82
967
235
571
272
827
350
858
906
411
934
731
7975
742
262
717
471
972
105
893
507
45
938
631
561
419
3034
546
974
171
149
244
755
496
60
335
597
963
81
277
93
566
3844
565
559
375
827
90
840
590
700
29
283
238
943
799
520
144
659
383
521
343
6103
351
532
575
348
418
962
350
388
856
33
264
419
9451
643
185
184
47
413
81
0
817
687
516
671
391
360
89
957
863
66
829
42
523
457
50
200
644
4474
579
134
732
300
10
388
275
654
7030
3682
329
756
768
433
745
244
653
173
195
1603
879
389
832
3763
733
538
489
427
404
873
620
977
8776
233
636
358
94
363
353
416
237
670
6337
642
412
576
393
60
445
44
412
228
527
637
329
3700
891
5770
761
209
696
181
557
291
3322
803
157
422
8137
661
633
932
2809
709
700
664
304
899
753
209
37
914
537
827
4051
216
196
890
306
496
812
666
258
751
9973
424
140
601
162
872
539
850
958
504
454
445
891
115
402
83
969
251
8767
820
391
23
946
171
9262
897
142
582
844
289
552
652
3223
935
232
234
281
832
630
664
378
948
781
368
295
444
496
8497
754
761
579
745
3709
771
744
209
250
173
221
560
570
389
921
876
277
182
299
625
190
423
259
28
142
418
576
158
578
491
9
30
959
786
986
8470
802
555
776
549
577
164
514
39
798
733
4033
503
473
748
785
97
673
655
848
123
3808
727
978
302
624
779
681
880
236
714
916
962
988
608
454
161
1045
12
104
451
680
842
130
786
493
810
901
326
833
550
797
198
7696
539
819
151
440
362
689
44
468
250
411
108
927
950
919
151
18
866
242
999
122
967
549
5959
675
127
470
538
625
763
797
962
644
625
204
510
342
178
749
410
461
39
954
601
887
916
815
55
153
726
851
499
659
168
491
152
566
7498
552
744
578
863
522
517
971
7111
414
758
239
692
740
426
396
341
16
3970
660
3097
254
488
264
978
414
86
555
428
531
614
943
471
249
282
7750
44
424
2674
751
8
587
700
23
423
445
908
642
900
469
948
560
526
224
999
674
5986
869
581
120
174
682
859
3349
959
998
3574
455
2494
493
236
772
320
776
398
546
321
1837
967
967
91
589
838
903
798
634
9055
315
9721
118
22
893
376
48
3556
383
94
649
288
577
100
299
9235
464
294
507
313
71
138
2
487
236
285
93
136
358
899
506
306
271
104
822
695
931
902
540
400
321
4447
740
343
584
7867
479
453
489
8641
150
5149
968
603
606
987
62
432
160
848
578
738
173
509
292
173
765
509
515
164
9388
332
177
692
869
727
447
72
398
868
914
369
179
211
857
360
625
735
592
562
769
839
513
556
95
536
819
266
700
892
820
197
793
735
337
333
710
521
488
846
862
303
223
455
25
831
241
723
6454
440
559
172
796
281
299
798
492
295
29
1
263
198
915
105
9577
79
9901
7597
997
312
20
923
713
409
588
399
477
497
255
109
636
996
705
124
903
359
108
367
373
2
294
320
345
889
499
59
143
755
825
651
527
350
746
527
345
408
83
443
583
233
731
966
715
546
756
355
819
440
664
1423
616
228
1450
413
144
386
953
57
713
607
286
355
892
699
817
4348
114
304
114
670
709
240
408
8578
865
852
346
768
470
127
682
132
927
784
741
6247
5824
739
617
824
603
530
73
265
2125
46
421
62
52
721
427
802
312
95
913
617
80
3781
851
308
974
114
121
331
648
360
5059
716
420
878
122
1729
260
8434
479
303
874
44
365
797
356
94
9541
2395
331
783
112
56
6175
398
152
31
483
706
578
663
868
306
857
494
683
431
452
167
644
798
917
511
437
217
7102
273
448
864
169
609
875
3493
844
8
733
362
977
237
384
2161
103
32
164
723
360
641
714
10
187
319
115
161
525
994
200
356
184
504
562
807
552
785
429
985
115
425
474
964
858
621
904
406
489
79
222
502
50
9271
219
107
746
744
553
9775
264
214
147
963
203
678
918
4222
566
591
44
602
636
572
324
692
767
265
125
892
615
319
782
337
161
77
6004
901
819
987
833
8119
854
962
314
116
331
547
5527
471
905
76
164
749
544
474
207
7471
515
258
632
382
495
113
549
318
690
272
596
39
780
506
360
944
435
2
765
913
456
980
976
483
420
810
43
622
372
526
689
370
446
741
553
991
713
293
460
332
99
485
20
846
182
571
671
803
689
333
510
116
422
9604
561
746
933
882
557
641
861
556
516
309
930
1648
468
495
593
666
58
8902
2341
674
203
885
758
380
760
341
226
192
9586
435
120
926
196
583
434
317
179
201
750
855
430
358
986
259
886
986
639
707
346
563
999
890
609
346
820
154
8461
174
929
451
321
506
654
90
3
509
296
309
296
663
475
883
746
983
983
34
367
865
951
725
61
111
781
407
448
935
656
28
184
314
493
723
699
972
668
574
806
449
608
497
216
839
4429
835
979
184
806
3025
200
185
869
424
653
377
4411
8155
728
782
763
755
529
4060
155
752
688
50
2
67
935
1342
180
300
68
484
110
131
711
368
952
208
148
4609
375
380
3952
666
220
219
595
650
43
390
873
400
301
8695
439
161
770
792
867
444
160
531
158
697
565
105
66
548
163
282
369
1108
14
688
285
29
542
330
770
740
104
641
651
895
152
89
760
3817
576
196
319
41
675
574
54
949
420
932
634
149
669
603
824
200
908
3043
27
884
375
911
5536
691
14
468
180
565
976
8362
8299
376
637
460
230
85
376
877
557
361
388
127
686
342
270
977
187
853
319
605
929
281
350
348
862
74
652
969
287
178
467
8
322
579
15
895
5707
138
479
406
356
477
239
932
689
461
760
807
298
86
874
184
851
975
870
22
774
56
915
213
680
614
4150
6328
2539
992
992
255
543
455
654
817
600
261
657
342
652
900
692
453
458
510
413
384
574
582
459
534
876
723
554
588
6589
6193
414
115
953
340
6445
523
916
4069
821
892
729
326
642
327
882
828
560
980
280
206
552
139
7300
347
529
320
744
807
954
990
469
803
157
427
969
350
530
613
753
705
804
385
393
617
730
771
500
318
9667
56
3178
8803
3727
5581
397
951
249
288
188
9244
252
970
428
871
308
272
347
715
599
584
247
535
9469
30
14
115
8623
928
274
162
110
627
963
398
45
5050
741
181
4591
701
825
765
564
26
550
998
846
760
891
422
1666
8488
419
454
274
95
7642
76
133
803
50
8560
425
801
676
21
73
702
536
745
910
913
243
624
991
825
627
630
799
929
854
450
801
201
148
200
970
887
446
2737
372
872
998
502
233
80
919
3610
1
508
185
407
111
784
257
885
434
374
540
467
518
139
461
837
63
900
814
811
928
411
327
56
497
465
6679
303
672
594
225
388
236
86
296
320
313
485
555
54
931
6067
798
795
7651
187
353
59
711
805
177
193
71
543
8632
510
893
58
839
369
255
615
706
432
592
395
242
644
266
417
430
971
678
253
195
865
37
390
965
501
454
254
828
504
622
839
323
586
9217
963
895
419
5113
112
686
517
717
946
7876
7336
508
13
834
901
776
511
237
63
482
532
4510
101
241
733
872
964
941
579
1513
307
791
621
651
492
822
924
270
376
435
503
618
6859
981
8965
605
70
693
195
845
23
672
751
869
930
449
462
655
192
645
178
604
9334
716
934
952
63
969
635
98
732
193
637
544
343
892
634
738
17
580
843
293
217
213
648
301
558
578
732
830
979
308
156
243
771
435
592
674
868
831
468
20
3997
259
890
839
481
180
171
314
62
973
396
685
770
148
471
441
438
595
826
561
40
209
243
823
194
364
821
117
6940
533
947
134
416
699
976
389
374
167
297
6787
787
515
576
311
718
510
760
1918
604
839
425
165
608
890
68
2701
719
444
114
961
515
320
650
782
327
78
793
835
714
420
478
512
322
376
915
16
728
782
239
210
660
5473
867
69
432
218
674
156
234
6355
741
773
885
984
947
920
838
973
657
895
257
588
683
865
100
6481
704
12
611
942
1846
220
875
4825
129
9559
107
842
386
439
409
735
577
647
813
904
420
285
212
330
55
962
123
363
904
967
481
492
30
316
921
776
284
590
628
700
401
209
810
354
513
410
428
935
298
810
298
2611
821
72
913
243
722
371
818
317
648
85
84
432
117
637
551
669
297
502
939
957
7021
894
174
844
875
244
7633
161
832
3565
786
300
233
26
759
6256
22
218
141
858
117
830
708
569
96
5545
361
792
825
403
543
263
262
679
71
5266
442
521
592
881
65
481
960
186
702
418
560
457
54
5860
452
224
308
683
642
27
5752
251
628
341
2143
551
300
930
630
375
779
243
8
642
955
846
673
828
399
876
908
4960
682
436
559
136
803
100
428
252
5203
182
1432
4924
618
192
358
657
636
370
609
907
289
237
7678
25
882
354
335
357
862
474
44
910
41
607
277
793
724
782
4789
585
170
847
229
396
568
720
301
77
653
422
297
220
9532
562
514
137
208
442
952
976
993
975
697
250
958
880
859
988
157
747
386
467
6814
436
332
691
958
531
261
9091
146
574
364
819
768
984
766
935
587
918
737
3601
1684
754
5698
41
3
218
65
231
708
567
738
318
479
274
913
46
405
737
130
19
262
979
830
667
877
792
53
720
394
21
8785
880
2665
965
512
886
488
2089
474
28
528
915
155
402
761
590
902
191
1387
787
927
246
291
2764
504
490
144
575
852
680
2656
351
36
792
541
54
591
848
938
78
3115
384
224
327
267
365
838
812
204
124
371
6283
647
661
794
199
711
753
369
2
500
8110
329
7921
99
847
246
733
431
5878
207
213
751
796
867
934
251
288
693
921
353
8083
545
119
872
377
965
9496
384
480
589
996
554
4168
129
6
4
785
491
554
11
597
458
31
667
898
642
933
844
145
785
506
373
475
589
524
599
807
279
165
36
142
6958
998
126
223
858
10
175
41
394
197
70
864
598
432
72
228
963
986
508
122
1675
914
1180
58
864
16
519
741
103
919
7849
323
772
381
421
739
490
640
485
4240
989
767
630
458
622
783
437
146
658
581
478
276
269
976
82
857
743
385
1711
527
1351
146
971
942
597
287
380
822
113
203
486
7219
38
9343
179
322
85
776
964
540
805
26
846
658
751
403
428
689
333
134
512
390
763
723
825
421
26
635
419
590
300
234
51
859
759
863
3475
10
632
839
585
675
473
547
4573
623
565
912
656
105
773
829
6085
828
605
266
79
242
989
534
1558
186
534
995
812
499
7075
5464
736
4717
615
8191
574
821
2710
981
884
431
2431
761
907
722
366
866
85
536
35
101
62
492
612
685
580
417
93
870
838
626
108
393
310
36
410
501
615
796
272
423
362
943
690
931
162
426
583
96
123
228
819
849
712
479
595
834
806
498
615
547
118
311
1099
208
220
550
8
584
649
7246
1891
82
820
880
932
314
495
958
293
261
202
8
1999
331
747
8542
761
791
294
951
972
772
3529
804
926
153
709
203
569
884
406
7381
4105
62
573
383
558
997
858
559
683
429
448
6220
435
1927
665
281
3943
678
974
437
128
811
164
327
156
3313
79
322
132
896
930
313
131
47
730
218
441
474
2296
145
826
805
325
240
638
536
458
135
7714
382
989
2206
288
380
844
540
926
61
144
91
579
895
156
125
263
973
486
423
651
649
365
868
467
137
860
584
90
379
4393
679
127
525
268
175
477
38
520
392
224
3214
864
649
765
121
216
92
633
441
260
418
321
78
625
725
110
402
5
174
271
773
909
539
220
3340
927
612
875
214
9136
835
897
984
133
245
96
207
736
102
570
8911
591
295
184
305
154
857
857
6643
111
849
6148
9145
89
893
737
581
2917
5320
185
975
1135
299
816
8524
1630
997
363
829
142
197
873
487
6229
362
613
429
456
31
405
970
128
258
788
752
837
855
926
797
503
3934
442
660
694
277
499
920
75
4249
805
386
563
762
162
835
140
415
529
57
131
601
1963
59
755
470
535
936
645
443
159
610
476
694
8983
536
811
363
668
138
162
252
342
829
136
9406
648
521
3142
5104
977
361
107
312
135
826
817
8506
804
159
703
399
399
57
729
902
325
795
5851
89
780
928
307
4384
9
155
480
4996
938
906
585
726
9955
92
8668
730
816
778
677
24
546
192
822
3250
189
686
143
167
707
505
107
131
645
340
618
305
918
389
484
410
817
134
595
20
173
790
618
843
84
2692
974
960
3169
92
4312
403
678
564
947
890
122
37
141
8254
886
584
160
475
971
598
3961
354
675
956
802
688
259
13
800
390
9100
5482
3853
946
601
46
406
349
3790
169
83
986
7831
972
755
757
200
940
904
433
522
48
4807
665
498
113
784
5
456
815
423
887
596
290
548
864
116
590
260
698
918
561
400
479
438
601
387
792
779
730
933
275
381
431
799
366
9
944
961
951
553
558
3421
4204
497
7426
5806
80
116
775
724
910
186
840
902
392
62
34
450
643
7417
701
788
744
874
934
446
3664
573
620
7399
273
794
73
49
814
698
686
748
30
165
152
225
126
460
222
857
40
986
680
611
641
14
726
860
238
179
704
336
2791
7786
205
754
504
240
183
122
75
56
638
352
635
403
689
215
693
325
5887
2566
585
2863
935
482
6760
286
60
894
643
3718
102
657
670
290
98
759
783
7129
920
550
51
1
791
633
374
990
700
453
289
535
9037
420
353
202
599
624
455
276
716
5005
834
768
242
914
728
576
950
310
537
489
265
58
23
101
268
419
178
1792
625
108
76
934
2899
739
414
7480
485
623
800
639
271
199
777
448
262
1765
923
124
403
403
291
617
955
342
595
845
494
421
34
9280
121
790
659
185
657
936
907
397
103
368
315
455
414
621
730
982
878
707
430
931
385
994
2953
5518
411
629
370
87
764
655
962
975
219
613
854
268
96
742
595
261
493
688
673
19
386
7624
6967
8326
655
241
168
305
45
189
831
486
219
933
556
5716
530
139
616
178
912
302
602
708
91
573
551
860
235
464
4357
851
323
155
588
669
710
317
695
3106
106
920
993
646
427
332
117
278
895
568
275
620
311
582
308
865
123
565
914
316
870
189
4420
721
952
3
509
490
421
842
697
7138
935
329
891
557
1189
596
727
5437
328
735
347
178
934
646
232
629
10
525
847
441
323
548
443
182
624
767
62
598
174
1
8947
6400
2053
605
527
767
6184
841
842
973
679
140
47
343
63
740
333
944
302
271
1198
824
909
910
3079
999
1504
4870
547
500
402
868
272
854
6292
268
787
572
409
4555
513
384
347
245
704
4636
521
243
308
446
8353
7462
119
312
4024
214
181
876
669
146
495
460
9190
2314
1216
88
8677
104
521
329
329
83
8830
10
942
567
978
511
80
210
607
786
371
176
227
152
727
827
272
339
598
38
8317
2323
53
558
784
985
785
830
983
2
494
208
649
158
703
110
849
587
840
544
6274
925
196
973
487
734
188
710
434
51
264
409
668
664
744
385
550
500
156
397
144
488
998
330
1954
701
359
361
424
4177
4258
267
212
964
957
457
980
662
981
732
687
195
647
848
606
869
678
151
364
367
89
425
436
466
5041
694
6490
66
860
899
640
285
394
681
582
684
263
608
181
768
799
5347
695
456
936
995
657
641
95
71
656
796
61
99
899
303
500
5383
227
842
1738
993
1072
9379
862
263
812
198
206
9325
463
8596
583
2116
801
4897
4753
660
718
597
313
957
4537
779
920
638
132
720
35
332
128
111
607
456
581
677
226
855
118
274
449
305
933
956
929
292
334
659
767
544
459
404
889
698
712
944
346
482
550
123
664
719
2413
746
774
298
390
54
188
614
381
734
463
44
607
610
61
139
837
172
8731
2386
104
211
965
752
98
328
157
394
6130
234
577
177
9226
478
817
474
472
798
535
410
856
364
961
183
742
498
584
6706
8056
576
480
705
988
183
63
5023
418
990
32
447
808
185
199
6418
151
983
926
884
415
724
834
4519
551
921
315
166
9064
490
510
348
795
9820
2107
8
874
256
540
831
483
382
770
823
338
33
995
442
476
841
653
597
762
464
515
276
563
524
9505
800
350
615
379
9892
328
82
156
